
Smearing:  0 
Signal:  [2973. 2973. 2971. 2969. 2968. 2965. 2962. 2958. 2956. 2951. 2948. 2947.
 2942. 2938. 2936. 2931. 2927. 2923. 2917. 2909. 2906. 2898. 2893. 2886.
 2876. 2867. 2858. 2850. 2846. 2838. 2835. 2825. 2816. 2811. 2804. 2793.
 2785. 2773. 2761. 2741. 2719. 2692. 2655. 2622. 2589. 2528. 2455. 2377.
 2209. 1977.] 
Background:  [20827. 20827.  6510.  5056.  4393.  3903.  3513.  3161.  2941.  27
  2640.  2515.  2407.  2290.  2197.  2098.  1999.  1929.  1845.  1760.
  1698.  1629.  1584.  1538.  1489.  1434.  1388.  1336.  1295.  1246.
  1197.  1143.  1097.  1046.  1000.   959.   931.   900.   849.   794.
   754.   713.   671.   635.   577.   521.   474.   428.   363.   273.]


Smearing:  5Pred12 
Signal:  [2973. 2973. 2970. 2968. 2967. 2966. 2962. 2958. 2954. 2949. 2943. 2940.
 2937. 2936. 2931. 2925. 2918. 2914. 2910. 2904. 2900. 2894. 2886. 2883.
 2872. 2867. 2858. 2847. 2842. 2837. 2831. 2822. 2805. 2797. 2788. 2777.
 2771. 2758. 2746. 2727. 2714. 2681. 2648. 2615. 2581. 2531. 2467. 2368.
 2216. 1991.] 
Background:  [20827. 20827.  6510.  5056.  4393.  3903.  3513.  3161.  2941.  2783.
  2640.  2515.  2407.  2290.  2197.  2098.  1999.  1929.  1845.  1760.
  1698.  1629.  1584.  1538.  1489.  1434.  1388.  1336.  1295.  1246.
  1197.  1143.  1097.  1046.  1000.   959.   931.   900.   849.   794.
   754.   713.   671.   635.   577.   521.   474.   428.   363.   273.]

Smearing:  10Pred12 
Signal:  [2973. 2973. 2969. 2964. 2962. 2958. 2952. 2946. 2943. 2942. 2935. 2930.
 2926. 2923. 2919. 2911. 2902. 2890. 2885. 2880. 2874. 2866. 2858. 2851.
 2844. 2836. 2829. 2822. 2812. 2803. 2796. 2784. 2778. 2770. 2760. 2752.
 2743. 2731. 2722. 2700. 2678. 2660. 2626. 2586. 2544. 2487. 2426. 2329.
 2184. 1966.] 
Background:  [20827. 20827.  6510.  5056.  4393.  3903.  3513.  3161.  2941.  2783.
  2640.  2515.  2407.  2290.  2197.  2098.  1999.  1929.  1845.  1760.
  1698.  1629.  1584.  1538.  1489.  1434.  1388.  1336.  1295.  1246.
  1197.  1143.  1097.  1046.  1000.   959.   931.   900.   849.   794.
   754.   713.   671.   635.   577.   521.   474.   428.   363.   273.]

Smearing:  15Pred12 
Signal:  [2973. 2973. 2969. 2961. 2956. 2949. 2942. 2937. 2932. 2927. 2921. 2914.
 2909. 2902. 2898. 2893. 2887. 2880. 2873. 2867. 2862. 2852. 2841. 2832.
 2824. 2815. 2804. 2797. 2785. 2779. 2769. 2757. 2748. 2735. 2717. 2707.
 2688. 2677. 2659. 2646. 2626. 2596. 2553. 2521. 2478. 2425. 2374. 2283.
 2123. 1914.] 
Background:  [20827. 20827.  6510.  5056.  4393.  3903.  3513.  3161.  2941.  2783.
  2640.  2515.  2407.  2290.  2197.  2098.  1999.  1929.  1845.  1760.
  1698.  1629.  1584.  1538.  1489.  1434.  1388.  1336.  1295.  1246.
  1197.  1143.  1097.  1046.  1000.   959.   931.   900.   849.   794.
   754.   713.   671.   635.   577.   521.   474.   428.   363.   273.]

Smearing:  20Pred12 
Signal:  [2973. 2973. 2966. 2958. 2947. 2931. 2924. 2918. 2908. 2902. 2890. 2882.
 2875. 2868. 2861. 2855. 2848. 2841. 2832. 2825. 2815. 2801. 2797. 2784.
 2777. 2767. 2755. 2747. 2733. 2724. 2711. 2702. 2693. 2681. 2669. 2658.
 2639. 2624. 2608. 2586. 2563. 2536. 2500. 2464. 2416. 2371. 2296. 2202.
 2061. 1877.] 
Background:  [20827. 20827.  6510.  5056.  4393.  3903.  3513.  3161.  2941.  2783.
  2640.  2515.  2407.  2290.  2197.  2098.  1999.  1929.  1845.  1760.
  1698.  1629.  1584.  1538.  1489.  1434.  1388.  1336.  1295.  1246.
  1197.  1143.  1097.  1046.  1000.   959.   931.   900.   849.   794.
   754.   713.   671.   635.   577.   521.   474.   428.   363.   273.]

Smearing:  30Pred12 
Signal:  [2973. 2973. 2929. 2906. 2885. 2869. 2855. 2842. 2832. 2821. 2817. 2807.
 2796. 2785. 2776. 2772. 2767. 2755. 2742. 2737. 2729. 2719. 2711. 2698.
 2686. 2676. 2667. 2658. 2641. 2630. 2617. 2600. 2583. 2572. 2558. 2536.
 2515. 2494. 2470. 2443. 2421. 2389. 2353. 2310. 2273. 2229. 2168. 2090.
 1980. 1789.] 
Background:  [20827. 20827.  6510.  5056.  4393.  3903.  3513.  3161.  2941.  2783.
  2640.  2515.  2407.  2290.  2197.  2098.  1999.  1929.  1845.  1760.
  1698.  1629.  1584.  1538.  1489.  1434.  1388.  1336.  1295.  1246.
  1197.  1143.  1097.  1046.  1000.   959.   931.   900.   849.   794.
   754.   713.   671.   635.   577.   521.   474.   428.   363.   273.]

Smearing:  40Pred12 
Signal:  [2973. 2973. 2861. 2824. 2793. 2771. 2756. 2743. 2732. 2720. 2715. 2700.
 2690. 2679. 2668. 2659. 2650. 2635. 2629. 2617. 2614. 2603. 2596. 2584.
 2573. 2564. 2553. 2536. 2525. 2516. 2505. 2491. 2475. 2457. 2445. 2427.
 2404. 2388. 2362. 2333. 2319. 2295. 2267. 2239. 2196. 2150. 2094. 2002.
 1888. 1715.] 
Background:  [20827. 20827.  6510.  5056.  4393.  3903.  3513.  3161.  2941.  2783.
  2640.  2515.  2407.  2290.  2197.  2098.  1999.  1929.  1845.  1760.
  1698.  1629.  1584.  1538.  1489.  1434.  1388.  1336.  1295.  1246.
  1197.  1143.  1097.  1046.  1000.   959.   931.   900.   849.   794.
   754.   713.   671.   635.   577.   521.   474.   428.   363.   273.]

Smearing:  50Pred12 
Signal:  [2973. 2973. 2789. 2739. 2714. 2694. 2680. 2661. 2651. 2634. 2620. 2604.
 2593. 2576. 2571. 2557. 2549. 2539. 2532. 2522. 2508. 2500. 2491. 2480.
 2468. 2452. 2445. 2437. 2430. 2415. 2399. 2391. 2381. 2365. 2349. 2336.
 2327. 2303. 2287. 2272. 2244. 2223. 2195. 2173. 2140. 2103. 2050. 1959.
 1844. 1670.] 
Background:  [20827. 20827.  6510.  5056.  4393.  3903.  3513.  3161.  2941.  2783.
  2640.  2515.  2407.  2290.  2197.  2098.  1999.  1929.  1845.  1760.
  1698.  1629.  1584.  1538.  1489.  1434.  1388.  1336.  1295.  1246.
  1197.  1143.  1097.  1046.  1000.   959.   931.   900.   849.   794.
   754.   713.   671.   635.   577.   521.   474.   428.   363.   273.]
