
Smearing:  0 
Signal:  [3638. 3638. 3633. 3612. 3588. 3571. 3552. 3525. 3504. 3482. 3467. 3442.
 3423. 3398. 3382. 3356. 3332. 3312. 3288. 3264. 3240. 3217. 3196. 3161.
 3137. 3112. 3088. 3049. 3009. 2969. 2938. 2897. 2853. 2812. 2758. 2692.
 2636. 2558. 2493. 2404. 2339. 2234. 2152. 2054. 1942. 1812. 1666. 1482.
 1252.  900.] [3638. 3638. 3633. 3612. 3588. 3571. 3552. 3525. 3504. 3482. 3467. 3442.
 3423. 3398. 3382. 3356. 3332. 3312. 3288. 3264. 3240. 3217. 3196. 3161.
 3137. 3112. 3088. 3049. 3009. 2969. 2938. 2897. 2853. 2812. 2758. 2692.
 2636. 2558. 2493. 2404. 2339. 2234. 2152. 2054. 1942. 1812. 1666. 1482.
 1252.  900.] 
Background:  [29077. 29077. 26584. 22159. 19279. 17127. 15569. 14307. 13212. 12347.
 11546. 10880. 10230.  9628.  9011.  8518.  8065.  7646.  7247.  6874.
  6538.  6233.  5920.  5601.  5311.  5021.  4775.  4531.  4308.  4089.
  3863.  3638.  3425.  3215.  3039.  2841.  2654.  2478.  2279.  2070.
  1870.  1681.  1498.  1313.  1146.   945.   734.   551.   371.   225.] [29077. 29077. 26584. 22159. 19279. 17127. 15569. 14307. 13212. 12347.
 11546. 10880. 10230.  9628.  9011.  8518.  8065.  7646.  7247.  6874.
  6538.  6233.  5920.  5601.  5311.  5021.  4775.  4531.  4308.  4089.
  3863.  3638.  3425.  3215.  3039.  2841.  2654.  2478.  2279.  2070.
  1870.  1681.  1498.  1313.  1146.   945.   734.   551.   371.   225.]

Smearing:  7Pred13 
Signal:  [3638. 3638. 3635. 3608. 3588. 3571. 3553. 3530. 3503. 3486. 3467. 3445.
 3419. 3392. 3372. 3356. 3339. 3309. 3281. 3257. 3235. 3212. 3184. 3157.
 3132. 3105. 3078. 3046. 3008. 2982. 2942. 2906. 2864. 2824. 2777. 2716.
 2654. 2580. 2493. 2423. 2336. 2244. 2150. 2066. 1947. 1809. 1671. 1488.
 1235.  897.] [3638. 3638. 3635. 3608. 3588. 3571. 3553. 3530. 3503. 3486. 3467. 3445.
 3419. 3392. 3372. 3356. 3339. 3309. 3281. 3257. 3235. 3212. 3184. 3157.
 3132. 3105. 3078. 3046. 3008. 2982. 2942. 2906. 2864. 2824. 2777. 2716.
 2654. 2580. 2493. 2423. 2336. 2244. 2150. 2066. 1947. 1809. 1671. 1488.
 1235.  897.] 
Background:  [29077. 29077. 26584. 22159. 19279. 17127. 15569. 14307. 13212. 12347.
 11546. 10880. 10230.  9628.  9011.  8518.  8065.  7646.  7247.  6874.
  6538.  6233.  5920.  5601.  5311.  5021.  4775.  4531.  4308.  4089.
  3863.  3638.  3425.  3215.  3039.  2841.  2654.  2478.  2279.  2070.
  1870.  1681.  1498.  1313.  1146.   945.   734.   551.   371.   225.] [29077. 29077. 26584. 22159. 19279. 17127. 15569. 14307. 13212. 12347.
 11546. 10880. 10230.  9628.  9011.  8518.  8065.  7646.  7247.  6874.
  6538.  6233.  5920.  5601.  5311.  5021.  4775.  4531.  4308.  4089.
  3863.  3638.  3425.  3215.  3039.  2841.  2654.  2478.  2279.  2070.
  1870.  1681.  1498.  1313.  1146.   945.   734.   551.   371.   225.]

Smearing:  5Pred13 
Signal:  [3638. 3638. 3632. 3609. 3585. 3566. 3549. 3530. 3507. 3487. 3466. 3442.
 3422. 3400. 3382. 3363. 3330. 3311. 3291. 3270. 3237. 3209. 3186. 3163.
 3139. 3112. 3085. 3048. 3014. 2977. 2941. 2897. 2870. 2822. 2778. 2718.
 2658. 2584. 2520. 2421. 2343. 2249. 2151. 2043. 1941. 1808. 1668. 1475.
 1240.  912.] [3638. 3638. 3632. 3609. 3585. 3566. 3549. 3530. 3507. 3487. 3466. 3442.
 3422. 3400. 3382. 3363. 3330. 3311. 3291. 3270. 3237. 3209. 3186. 3163.
 3139. 3112. 3085. 3048. 3014. 2977. 2941. 2897. 2870. 2822. 2778. 2718.
 2658. 2584. 2520. 2421. 2343. 2249. 2151. 2043. 1941. 1808. 1668. 1475.
 1240.  912.] 
Background:  [29077. 29077. 26584. 22159. 19279. 17127. 15569. 14307. 13212. 12347.
 11546. 10880. 10230.  9628.  9011.  8518.  8065.  7646.  7247.  6874.
  6538.  6233.  5920.  5601.  5311.  5021.  4775.  4531.  4308.  4089.
  3863.  3638.  3425.  3215.  3039.  2841.  2654.  2478.  2279.  2070.
  1870.  1681.  1498.  1313.  1146.   945.   734.   551.   371.   225.] [29077. 29077. 26584. 22159. 19279. 17127. 15569. 14307. 13212. 12347.
 11546. 10880. 10230.  9628.  9011.  8518.  8065.  7646.  7247.  6874.
  6538.  6233.  5920.  5601.  5311.  5021.  4775.  4531.  4308.  4089.
  3863.  3638.  3425.  3215.  3039.  2841.  2654.  2478.  2279.  2070.
  1870.  1681.  1498.  1313.  1146.   945.   734.   551.   371.   225.]

Smearing:  10Pred13 
Signal:  [3638. 3638. 3633. 3615. 3588. 3567. 3544. 3526. 3506. 3491. 3469. 3443.
 3420. 3395. 3375. 3354. 3335. 3308. 3288. 3261. 3236. 3215. 3199. 3173.
 3149. 3116. 3094. 3064. 3016. 2978. 2946. 2909. 2863. 2820. 2771. 2719.
 2649. 2583. 2528. 2458. 2375. 2282. 2166. 2062. 1953. 1814. 1681. 1495.
 1246.  911.] [3638. 3638. 3633. 3615. 3588. 3567. 3544. 3526. 3506. 3491. 3469. 3443.
 3420. 3395. 3375. 3354. 3335. 3308. 3288. 3261. 3236. 3215. 3199. 3173.
 3149. 3116. 3094. 3064. 3016. 2978. 2946. 2909. 2863. 2820. 2771. 2719.
 2649. 2583. 2528. 2458. 2375. 2282. 2166. 2062. 1953. 1814. 1681. 1495.
 1246.  911.] 
Background:  [29077. 29077. 26584. 22159. 19279. 17127. 15569. 14307. 13212. 12347.
 11546. 10880. 10230.  9628.  9011.  8518.  8065.  7646.  7247.  6874.
  6538.  6233.  5920.  5601.  5311.  5021.  4775.  4531.  4308.  4089.
  3863.  3638.  3425.  3215.  3039.  2841.  2654.  2478.  2279.  2070.
  1870.  1681.  1498.  1313.  1146.   945.   734.   551.   371.   225.] [29077. 29077. 26584. 22159. 19279. 17127. 15569. 14307. 13212. 12347.
 11546. 10880. 10230.  9628.  9011.  8518.  8065.  7646.  7247.  6874.
  6538.  6233.  5920.  5601.  5311.  5021.  4775.  4531.  4308.  4089.
  3863.  3638.  3425.  3215.  3039.  2841.  2654.  2478.  2279.  2070.
  1870.  1681.  1498.  1313.  1146.   945.   734.   551.   371.   225.]

Smearing:  12Pred13 
Signal:  [3638. 3638. 3631. 3609. 3588. 3563. 3543. 3523. 3505. 3486. 3461. 3441.
 3428. 3409. 3383. 3360. 3340. 3316. 3287. 3264. 3240. 3211. 3179. 3153.
 3121. 3094. 3064. 3037. 3008. 2970. 2929. 2887. 2840. 2794. 2742. 2689.
 2628. 2573. 2506. 2440. 2359. 2266. 2170. 2063. 1933. 1807. 1676. 1488.
 1243.  914.] [3638. 3638. 3631. 3609. 3588. 3563. 3543. 3523. 3505. 3486. 3461. 3441.
 3428. 3409. 3383. 3360. 3340. 3316. 3287. 3264. 3240. 3211. 3179. 3153.
 3121. 3094. 3064. 3037. 3008. 2970. 2929. 2887. 2840. 2794. 2742. 2689.
 2628. 2573. 2506. 2440. 2359. 2266. 2170. 2063. 1933. 1807. 1676. 1488.
 1243.  914.] 
Background:  [29077. 29077. 26584. 22159. 19279. 17127. 15569. 14307. 13212. 12347.
 11546. 10880. 10230.  9628.  9011.  8518.  8065.  7646.  7247.  6874.
  6538.  6233.  5920.  5601.  5311.  5021.  4775.  4531.  4308.  4089.
  3863.  3638.  3425.  3215.  3039.  2841.  2654.  2478.  2279.  2070.
  1870.  1681.  1498.  1313.  1146.   945.   734.   551.   371.   225.] [29077. 29077. 26584. 22159. 19279. 17127. 15569. 14307. 13212. 12347.
 11546. 10880. 10230.  9628.  9011.  8518.  8065.  7646.  7247.  6874.
  6538.  6233.  5920.  5601.  5311.  5021.  4775.  4531.  4308.  4089.
  3863.  3638.  3425.  3215.  3039.  2841.  2654.  2478.  2279.  2070.
  1870.  1681.  1498.  1313.  1146.   945.   734.   551.   371.   225.]
